85
0 1 2 3 4 5 
1 0 2 3 4 5 6 7 8 
2 0 1 3 4 5 6 7 
3 0 1 2 4 
4 0 1 2 3 5 
5 0 1 2 4 6 7 8 
6 1 2 5 7 11 12 13 14 
7 1 2 5 6 8 9 11 12 13 14 17 
8 1 5 7 10 
9 7 11 13 
10 8 
11 6 7 9 12 15 16 17 18 23 24 
12 6 7 11 
13 6 7 9 14 
14 6 7 13 15 
15 11 14 17 18 19 20 21 22 23 24 26 27 28 
16 11 18 19 
17 7 11 15 18 19 20 
18 11 15 16 17 
19 15 16 17 20 21 22 
20 15 17 19 21 22 23 
21 15 19 20 
22 15 19 20 23 24 25 
23 11 15 20 22 24 25 26 27 
24 11 15 22 23 26 
25 22 23 28 30 
26 15 23 24 29 
27 15 23 28 29 30 31 33 34 
28 15 25 27 29 30 
29 26 27 28 30 32 34 35 
30 25 27 28 29 33 34 37 
31 27 32 
32 29 31 34 38 41 42 43 44 45 48 
33 27 30 
34 27 29 30 32 35 36 
35 29 34 36 37 38 39 40 41 42 43 44 
36 34 35 
37 30 35 39 40 
38 32 35 
39 35 37 40 41 
40 35 37 39 41 42 43 44 45 46 47 
41 32 35 39 40 42 
42 32 35 40 41 
43 32 35 40 44 45 46 49 
44 32 35 40 43 45 
45 32 40 43 44 
46 40 43 47 49 50 51 52 53 54 
47 40 46 48 49 51 52 53 55 
48 32 47 50 51 
49 43 46 47 50 51 52 
50 46 48 49 
51 46 47 48 49 53 54 55 56 57 
52 46 47 49 53 
53 46 47 51 52 54 56 57 58 59 
54 46 51 53 55 56 
55 47 51 54 58 59 60 62 63 
56 51 53 54 57 
57 51 53 56 59 
58 53 55 59 60 61 62 63 64 
59 53 55 57 58 61 62 63 65 67 68 69 
60 55 58 
61 58 59 62 63 64 65 67 
62 55 58 59 61 
63 55 58 59 61 64 65 
64 58 61 63 65 66 
65 59 61 63 64 66 68 71 72 
66 64 65 68 70 71 72 74 76 77 78 81 82 83 84 
67 59 61 
68 59 65 66 69 70 71 72 
69 59 68 70 71 
70 66 68 69 
71 65 66 68 69 73 75 76 77 
72 65 66 68 73 74 
73 71 72 74 75 76 77 78 79 
74 66 72 73 75 
75 71 73 74 
76 66 71 73 78 81 
77 66 71 73 78 79 80 81 
78 66 73 76 77 
79 73 77 80 83 
80 77 79 
81 66 76 77 82 84 
82 66 81 84 
83 66 79 84 
84 66 81 82 83 
